<Line Export from AI designs>
<!-- Created with Ai->Line Export Plug-In Version 1.3 (PC/32) -->
 Name of Desin : box_073

      draw(ctx);

    function draw(ctx) {

      // bT/
 ISDASH 1

 LINESEGMENT 274.251 144.296 280.962 381.88

      // bT/
 ISDASH 1

 LINESEGMENT 280.962 381.88 72.9092 270.471

      // bT/
 ISDASH 1

 LINESEGMENT 72.9092 270.471 274.251 144.296

      // bT/
 ISDASH 0

 LINESEGMENT 274.251 144.296 374.251 144.296

      // bT/
 ISDASH 1

 LINESEGMENT 374.251 144.296 381.634 381.88

      // bT/
 ISDASH 1

 LINESEGMENT 381.634 381.88 280.962 381.88

      // bT/
 ISDASH 0

 LINESEGMENT 381.634 381.88 360.158 426.847

      // bT/
 ISDASH 1

 LINESEGMENT 72.9092 270.471 27.9424 359.733

      // bT/
 ISDASH 1

 LINESEGMENT 27.9424 359.733 259.486 489.934

      // bT/
 ISDASH 0

 LINESEGMENT 259.486 489.934 274.251 463.759
 ISDASH 0
 BEZIER 274.251 463.759 273.314 463.456
 BEZIER 273.314 463.456 271.027 461.923
 BEZIER 271.027 461.923 268.176 458.228
 BEZIER 268.176 458.228 265.547 451.437
 BEZIER 265.547 451.437 263.927 440.616
 BEZIER 263.927 440.616 264.101 424.833
 BEZIER 264.101 424.833 264.101 424.833
 ISDASH 0
 BEZIER 264.101 424.833 265.591 412.322
 BEZIER 265.591 412.322 267.861 402.449
 BEZIER 267.861 402.449 270.608 394.917
 BEZIER 270.608 394.917 273.532 389.426
 BEZIER 273.532 389.426 276.331 385.675
 BEZIER 276.331 385.675 278.703 383.368
 BEZIER 278.703 383.368 280.347 382.202
 BEZIER 280.347 382.202 280.962 381.88
 LINESEGMENT 280.962 381.88 360.158 426.847

      // bT/
 ISDASH 0

 LINESEGMENT 72.9092 270.471 0.425781 315.102

      // bT/
 ISDASH 0

 LINESEGMENT 0.425781 315.102 27.9424 359.733

      // bT/
 ISDASH 1

 LINESEGMENT 274.251 144.296 222.573 62.417

      // bT/
 ISDASH 1

 LINESEGMENT 222.573 62.417 21.231 185.907

      // bT/
 ISDASH 0

 LINESEGMENT 21.231 185.907 72.9092 270.471

      // bT/
 ISDASH 0

 LINESEGMENT 222.573 62.417 274.251 62.417

      // bT/
 ISDASH 0

 LINESEGMENT 274.251 62.417 274.251 144.296

      // bT/
 ISDASH 0

 LINESEGMENT 21.231 185.907 84.9897 68.4575
 ISDASH 0
 BEZIER 84.9897 68.4575 83.5809 67.5192
 BEZIER 83.5809 67.5192 80.1294 64.6631
 BEZIER 80.1294 64.6631 75.7973 59.8278
 BEZIER 75.7973 59.8278 71.747 52.9517
 BEZIER 71.747 52.9517 69.1407 43.9735
 BEZIER 69.1407 43.9735 69.1407 32.8315
 BEZIER 69.1407 32.8315 72.9092 19.4644
 BEZIER 72.9092 19.4644 72.9092 19.4644
 ISDASH 0
 BEZIER 72.9092 19.4644 74.9346 15.1879
 BEZIER 74.9346 15.1879 77.1488 11.557
 BEZIER 77.1488 11.557 79.524 8.52802
 BEZIER 79.524 8.52802 82.0328 6.0574
 BEZIER 82.0328 6.0574 84.6474 4.10155
 BEZIER 84.6474 4.10155 87.3403 2.61691
 BEZIER 87.3403 2.61691 90.0839 1.55988
 BEZIER 90.0839 1.55988 92.8506 0.886888
 BEZIER 92.8506 0.886888 95.6127 0.554352
 BEZIER 95.6127 0.554352 98.3427 0.518693
 BEZIER 98.3427 0.518693 101.013 0.736328
 BEZIER 101.013 0.736328 103.596 1.16368
 BEZIER 103.596 1.16368 106.064 1.75716
 BEZIER 106.064 1.75716 108.389 2.4732
 BEZIER 108.389 2.4732 110.544 3.26821
 BEZIER 110.544 3.26821 112.502 4.09862
 BEZIER 112.502 4.09862 114.234 4.92083
 BEZIER 114.234 4.92083 115.713 5.69128
 BEZIER 115.713 5.69128 116.911 6.36638
 BEZIER 116.911 6.36638 117.801 6.90256
 BEZIER 117.801 6.90256 118.355 7.25622
 BEZIER 118.355 7.25622 118.546 7.38379
 BEZIER 118.546 7.38379 118.546 7.38379
 LINESEGMENT 118.546 7.38379 222.573 62.417

      // bT/
 ISDASH 0

 LINESEGMENT 374.251 144.296 445.392 258.39
 ISDASH 0
 BEZIER 445.392 258.39 445.513 258.294
 BEZIER 445.513 258.294 445.869 258.025
 BEZIER 445.869 258.025 446.451 257.615
 BEZIER 446.451 257.615 447.25 257.095
 BEZIER 447.25 257.095 448.256 256.493
 BEZIER 448.256 256.493 449.461 255.842
 BEZIER 449.461 255.842 450.854 255.172
 BEZIER 450.854 255.172 452.426 254.513
 BEZIER 452.426 254.513 454.169 253.896
 BEZIER 454.169 253.896 456.073 253.351
 BEZIER 456.073 253.351 458.128 252.91
 BEZIER 458.128 252.91 460.325 252.602
 BEZIER 460.325 252.602 462.655 252.459
 BEZIER 462.655 252.459 465.108 252.51
 BEZIER 465.108 252.51 467.676 252.787
 BEZIER 467.676 252.787 470.348 253.32
 BEZIER 470.348 253.32 473.116 254.14
 BEZIER 473.116 254.14 475.971 255.276
 BEZIER 475.971 255.276 478.902 256.761
 BEZIER 478.902 256.761 481.901 258.624
 BEZIER 481.901 258.624 484.958 260.896
 BEZIER 484.958 260.896 488.064 263.607
 BEZIER 488.064 263.607 491.209 266.789
 BEZIER 491.209 266.789 494.385 270.471
 BEZIER 494.385 270.471 494.385 270.471
 ISDASH 0
 BEZIER 494.385 270.471 497.252 274.34
 BEZIER 497.252 274.34 499.505 278.061
 BEZIER 499.505 278.061 501.189 281.633
 BEZIER 501.189 281.633 502.346 285.053
 BEZIER 502.346 285.053 503.021 288.32
 BEZIER 503.021 288.32 503.257 291.434
 BEZIER 503.257 291.434 503.098 294.391
 BEZIER 503.098 294.391 502.588 297.192
 BEZIER 502.588 297.192 501.771 299.835
 BEZIER 501.771 299.835 500.689 302.317
 BEZIER 500.689 302.317 499.387 304.638
 BEZIER 499.387 304.638 497.909 306.796
 BEZIER 497.909 306.796 496.298 308.79
 BEZIER 496.298 308.79 494.598 310.619
 BEZIER 494.598 310.619 492.852 312.28
 BEZIER 492.852 312.28 491.105 313.772
 BEZIER 491.105 313.772 489.399 315.094
 BEZIER 489.399 315.094 487.779 316.245
 BEZIER 487.779 316.245 486.289 317.223
 BEZIER 486.289 317.223 484.971 318.026
 BEZIER 484.971 318.026 483.87 318.653
 BEZIER 483.87 318.653 483.03 319.103
 BEZIER 483.03 319.103 482.494 319.374
 BEZIER 482.494 319.374 482.305 319.464
 BEZIER 482.305 319.464 482.305 319.464
 LINESEGMENT 482.305 319.464 381.634 381.88

      // bT/
 ISDASH 0

 LINESEGMENT 259.486 489.934 125.258 493.96
 ISDASH 0
 BEZIER 125.258 493.96 125.285 494.267
 BEZIER 125.285 494.267 125.338 495.144
 BEZIER 125.338 495.144 125.379 496.523
 BEZIER 125.379 496.523 125.367 498.339
 BEZIER 125.367 498.339 125.263 500.526
 BEZIER 125.263 500.526 125.025 503.017
 BEZIER 125.025 503.017 124.615 505.746
 BEZIER 124.615 505.746 123.993 508.646
 BEZIER 123.993 508.646 123.118 511.651
 BEZIER 123.118 511.651 121.951 514.695
 BEZIER 121.951 514.695 120.451 517.711
 BEZIER 120.451 517.711 118.579 520.634
 BEZIER 118.579 520.634 116.295 523.396
 BEZIER 116.295 523.396 113.559 525.931
 BEZIER 113.559 525.931 110.331 528.174
 BEZIER 110.331 528.174 106.572 530.057
 BEZIER 106.572 530.057 102.24 531.514
 BEZIER 102.24 531.514 97.2963 532.48
 BEZIER 97.2963 532.48 91.7012 532.887
 BEZIER 91.7012 532.887 91.7012 532.887
 ISDASH 0
 BEZIER 91.7012 532.887 86.0845 532.692
 BEZIER 86.0845 532.692 81.0795 531.937
 BEZIER 81.0795 531.937 76.6511 530.687
 BEZIER 76.6511 530.687 72.764 529.009
 BEZIER 72.764 529.009 69.3829 526.966
 BEZIER 69.3829 526.966 66.4727 524.625
 BEZIER 66.4727 524.625 63.9981 522.05
 BEZIER 63.9981 522.05 61.9239 519.306
 BEZIER 61.9239 519.306 60.2149 516.459
 BEZIER 60.2149 516.459 58.8358 513.575
 BEZIER 58.8358 513.575 57.7515 510.717
 BEZIER 57.7515 510.717 56.9266 507.951
 BEZIER 56.9266 507.951 56.326 505.342
 BEZIER 56.326 505.342 55.9145 502.956
 BEZIER 55.9145 502.956 55.6567 500.858
 BEZIER 55.6567 500.858 55.5176 499.113
 BEZIER 55.5176 499.113 55.4618 497.785
 BEZIER 55.4618 497.785 55.4542 496.941
 BEZIER 55.4542 496.941 55.4595 496.645
 BEZIER 55.4595 496.645 55.4595 496.645

      // bT/
 ISDASH 0

 LINESEGMENT 27.9424 359.733 27.9424 409.397
 ISDASH 0
 BEZIER 27.9424 409.397 27.945 409.631
 BEZIER 27.945 409.631 27.9631 410.306
 BEZIER 27.9631 410.306 28.0122 411.378
 BEZIER 28.0122 411.378 28.1079 412.804
 BEZIER 28.1079 412.804 28.2656 414.542
 BEZIER 28.2656 414.542 28.5009 416.548
 BEZIER 28.5009 416.548 28.8293 418.78
 BEZIER 28.8293 418.78 29.2662 421.194
 BEZIER 29.2662 421.194 29.8272 423.748
 BEZIER 29.8272 423.748 30.5278 426.399
 BEZIER 30.5278 426.399 31.3835 429.103
 BEZIER 31.3835 429.103 32.4098 431.818
 BEZIER 32.4098 431.818 33.6222 434.501
 BEZIER 33.6222 434.501 35.0363 437.109
 BEZIER 35.0363 437.109 36.6675 439.598
 BEZIER 36.6675 439.598 36.6675 439.598
 ISDASH 0
 BEZIER 36.6675 439.598 38.8699 442.611
 BEZIER 38.8699 442.611 41.0884 445.583
 BEZIER 41.0884 445.583 43.2835 448.47
 BEZIER 43.2835 448.47 45.4156 451.231
 BEZIER 45.4156 451.231 47.445 453.825
 BEZIER 47.445 453.825 49.3323 456.209
 BEZIER 49.3323 456.209 51.0378 458.341
 BEZIER 51.0378 458.341 52.5219 460.18
 BEZIER 52.5219 460.18 53.7452 461.683
 BEZIER 53.7452 461.683 54.6679 462.809
 BEZIER 54.6679 462.809 55.2506 463.515
 BEZIER 55.2506 463.515 55.4536 463.759
 LINESEGMENT 55.4536 463.759 55.4595 496.645
    }