<Line Export from AI designs>
<!-- Created with Ai->Line Export Plug-In Version 1.3 (PC/32) -->
 Name of Desin : box_002

      draw(ctx);

    function draw(ctx) {

      // bT/
 ISDASH 1

 LINESEGMENT 111.387 83.0396 281.465 83.0396

      // bT/
 ISDASH 0

 LINESEGMENT 111.387 83.0396 83.04 83.0396

      // bT/
 ISDASH 0

 LINESEGMENT 309.812 83.0396 281.465 83.0396

      // bT/
 ISDASH 0

 LINESEGMENT 83.04 83.0396 83.04 111.386

      // bT/
 ISDASH 0

 LINESEGMENT 309.812 83.0396 309.812 111.386

      // bT/
 ISDASH 0

 LINESEGMENT 281.465 83.0396 281.465 111.386

      // bT/
 ISDASH 0

 LINESEGMENT 111.387 83.0396 111.387 111.386

      // bT/
 ISDASH 1

 LINESEGMENT 83.04 111.386 111.387 111.386

      // bT/
 ISDASH 1

 LINESEGMENT 281.466 111.386 309.812 111.386

      // bT/
 ISDASH 0

 ISDASH 0
 BEZIER 111.45 83.0396 112.421 72.4111
 ISDASH 0
 BEZIER 112.421 72.4111 112.921 69.5184
 BEZIER 112.921 69.5184 113.517 66.6599
 BEZIER 113.517 66.6599 114.208 63.8373
 BEZIER 114.208 63.8373 114.992 61.0525
 BEZIER 114.992 61.0525 115.867 58.3072
 BEZIER 115.867 58.3072 116.832 55.6031
 BEZIER 116.832 55.6031 117.884 52.942
 BEZIER 117.884 52.942 119.023 50.3257
 BEZIER 119.023 50.3257 120.245 47.7558
 BEZIER 120.245 47.7558 121.551 45.2342
 BEZIER 121.551 45.2342 122.937 42.7626
 BEZIER 122.937 42.7626 124.401 40.3428
 BEZIER 124.401 40.3428 125.944 37.9764
 BEZIER 125.944 37.9764 127.562 35.6653
 BEZIER 127.562 35.6653 129.253 33.4112
 BEZIER 129.253 33.4112 131.017 31.2159
 BEZIER 131.017 31.2159 132.851 29.081
 BEZIER 132.851 29.081 134.753 27.0085
 BEZIER 134.753 27.0085 136.722 24.9999
 BEZIER 136.722 24.9999 138.756 23.0571
 BEZIER 138.756 23.0571 140.854 21.1818
 BEZIER 140.854 21.1818 143.013 19.3758
 BEZIER 143.013 19.3758 145.232 17.6408
 BEZIER 145.232 17.6408 147.509 15.9786
 BEZIER 147.509 15.9786 149.842 14.3909
 BEZIER 149.842 14.3909 152.23 12.8795
 BEZIER 152.23 12.8795 154.67 11.4461
 BEZIER 154.67 11.4461 157.162 10.0925
 BEZIER 157.162 10.0925 159.703 8.82045
 BEZIER 159.703 8.82045 162.291 7.63166
 BEZIER 162.291 7.63166 164.925 6.5279
 BEZIER 164.925 6.5279 167.604 5.51094
 BEZIER 167.604 5.51094 170.324 4.58251
 BEZIER 170.324 4.58251 173.086 3.74437
 BEZIER 173.086 3.74437 175.886 2.99828
 BEZIER 175.886 2.99828 178.723 2.34598
 BEZIER 178.723 2.34598 181.595 1.78923
 BEZIER 181.595 1.78923 184.501 1.32978
 BEZIER 184.501 1.32978 187.439 0.969379
 BEZIER 187.439 0.969379 190.407 0.709781
 BEZIER 190.407 0.709781 193.403 0.552737
 BEZIER 193.403 0.552737 196.426 0.5
 ISDASH 0
 BEZIER 196.426 0.5 199.706 0.562098
 BEZIER 199.706 0.562098 202.954 0.746897
 BEZIER 202.954 0.746897 206.169 1.05216
 BEZIER 206.169 1.05216 209.347 1.47564
 BEZIER 209.347 1.47564 212.488 2.01511
 BEZIER 212.488 2.01511 215.588 2.66831
 BEZIER 215.588 2.66831 218.645 3.43302
 BEZIER 218.645 3.43302 221.657 4.307
 BEZIER 221.657 4.307 224.623 5.28799
 BEZIER 224.623 5.28799 227.538 6.37376
 BEZIER 227.538 6.37376 230.403 7.56208
 BEZIER 230.403 7.56208 233.213 8.8507
 BEZIER 233.213 8.8507 235.967 10.2374
 BEZIER 235.967 10.2374 238.663 11.7199
 BEZIER 238.663 11.7199 241.299 13.296
 BEZIER 241.299 13.296 243.871 14.9634
 BEZIER 243.871 14.9634 246.379 16.7199
 BEZIER 246.379 16.7199 248.819 18.5633
 BEZIER 248.819 18.5633 251.19 20.4913
 BEZIER 251.19 20.4913 253.489 22.5017
 BEZIER 253.489 22.5017 255.714 24.5923
 BEZIER 255.714 24.5923 257.863 26.7607
 BEZIER 257.863 26.7607 259.934 29.0048
 BEZIER 259.934 29.0048 261.924 31.3224
 BEZIER 261.924 31.3224 263.831 33.7111
 BEZIER 263.831 33.7111 265.653 36.1687
 BEZIER 265.653 36.1687 267.387 38.6931
 BEZIER 267.387 38.6931 269.032 41.2819
 BEZIER 269.032 41.2819 270.585 43.9329
 BEZIER 270.585 43.9329 272.044 46.644
 BEZIER 272.044 46.644 273.407 49.4127
 BEZIER 273.407 49.4127 274.671 52.237
 BEZIER 274.671 52.237 275.835 55.1145
 BEZIER 275.835 55.1145 276.895 58.0431
 BEZIER 276.895 58.0431 277.85 61.0204
 BEZIER 277.85 61.0204 278.698 64.0443
 BEZIER 278.698 64.0443 279.436 67.1125
 BEZIER 279.436 67.1125 280.062 70.2227
 BEZIER 280.062 70.2227 280.574 73.3728
 BEZIER 280.574 73.3728 280.969 76.5605
 BEZIER 280.969 76.5605 281.246 79.7835
 BEZIER 281.246 79.7835 281.402 83.0396

      // bT/
 ISDASH 1

 LINESEGMENT 309.812 111.386 309.812 281.465

      // bT/
 ISDASH 0

 LINESEGMENT 309.812 309.812 309.812 281.465

      // bT/
 ISDASH 0

 LINESEGMENT 309.812 309.812 281.465 309.812

      // bT/
 ISDASH 1

 LINESEGMENT 309.812 281.465 281.465 281.465

      // bT/
 ISDASH 0

 ISDASH 0
 BEZIER 309.812 111.449 311.967 111.539
 BEZIER 311.967 111.539 314.109 111.681
 BEZIER 314.109 111.681 316.235 111.876
 BEZIER 316.235 111.876 318.346 112.123
 BEZIER 318.346 112.123 320.441 112.421
 ISDASH 0
 BEZIER 320.441 112.421 323.334 112.921
 BEZIER 323.334 112.921 326.192 113.517
 BEZIER 326.192 113.517 329.015 114.208
 BEZIER 329.015 114.208 331.8 114.992
 BEZIER 331.8 114.992 334.545 115.867
 BEZIER 334.545 115.867 337.249 116.831
 BEZIER 337.249 116.831 339.91 117.884
 BEZIER 339.91 117.884 342.527 119.022
 BEZIER 342.527 119.022 345.096 120.245
 BEZIER 345.096 120.245 347.618 121.55
 BEZIER 347.618 121.55 350.09 122.936
 BEZIER 350.09 122.936 352.51 124.401
 BEZIER 352.51 124.401 354.876 125.943
 BEZIER 354.876 125.943 357.187 127.561
 BEZIER 357.187 127.561 359.441 129.253
 BEZIER 359.441 129.253 361.636 131.016
 BEZIER 361.636 131.016 363.771 132.85
 BEZIER 363.771 132.85 365.844 134.752
 BEZIER 365.844 134.752 367.852 136.722
 BEZIER 367.852 136.722 369.795 138.756
 BEZIER 369.795 138.756 371.67 140.853
 BEZIER 371.67 140.853 373.476 143.012
 BEZIER 373.476 143.012 375.211 145.231
 BEZIER 375.211 145.231 376.874 147.508
 BEZIER 376.874 147.508 378.461 149.841
 BEZIER 378.461 149.841 379.973 152.229
 BEZIER 379.973 152.229 381.406 154.67
 BEZIER 381.406 154.67 382.76 157.161
 BEZIER 382.76 157.161 384.032 159.702
 BEZIER 384.032 159.702 385.22 162.291
 BEZIER 385.22 162.291 386.324 164.925
 BEZIER 386.324 164.925 387.341 167.603
 BEZIER 387.341 167.603 388.27 170.324
 BEZIER 388.27 170.324 389.108 173.085
 BEZIER 389.108 173.085 389.854 175.885
 BEZIER 389.854 175.885 390.506 178.722
 BEZIER 390.506 178.722 391.063 181.595
 BEZIER 391.063 181.595 391.522 184.501
 BEZIER 391.522 184.501 391.883 187.439
 BEZIER 391.883 187.439 392.142 190.407
 BEZIER 392.142 190.407 392.299 193.403
 BEZIER 392.299 193.403 392.352 196.426
 ISDASH 0
 BEZIER 392.352 196.426 392.29 199.706
 BEZIER 392.29 199.706 392.105 202.954
 BEZIER 392.105 202.954 391.8 206.168
 BEZIER 391.8 206.168 391.376 209.347
 BEZIER 391.376 209.347 390.837 212.487
 BEZIER 390.837 212.487 390.184 215.587
 BEZIER 390.184 215.587 389.419 218.644
 BEZIER 389.419 218.644 388.545 221.657
 BEZIER 388.545 221.657 387.564 224.622
 BEZIER 387.564 224.622 386.478 227.538
 BEZIER 386.478 227.538 385.29 230.402
 BEZIER 385.29 230.402 384.001 233.212
 BEZIER 384.001 233.212 382.615 235.967
 BEZIER 382.615 235.967 381.132 238.663
 BEZIER 381.132 238.663 379.556 241.298
 BEZIER 379.556 241.298 377.889 243.871
 BEZIER 377.889 243.871 376.132 246.378
 BEZIER 376.132 246.378 374.289 248.819
 BEZIER 374.289 248.819 372.361 251.19
 BEZIER 372.361 251.19 370.35 253.489
 BEZIER 370.35 253.489 368.26 255.714
 BEZIER 368.26 255.714 366.091 257.863
 BEZIER 366.091 257.863 363.847 259.933
 BEZIER 363.847 259.933 361.53 261.923
 BEZIER 361.53 261.923 359.141 263.83
 BEZIER 359.141 263.83 356.683 265.652
 BEZIER 356.683 265.652 354.159 267.387
 BEZIER 354.159 267.387 351.57 269.032
 BEZIER 351.57 269.032 348.919 270.585
 BEZIER 348.919 270.585 346.208 272.044
 BEZIER 346.208 272.044 343.439 273.407
 BEZIER 343.439 273.407 340.615 274.671
 BEZIER 340.615 274.671 337.737 275.834
 BEZIER 337.737 275.834 334.809 276.895
 BEZIER 334.809 276.895 331.832 277.85
 BEZIER 331.832 277.85 328.808 278.697
 BEZIER 328.808 278.697 325.739 279.435
 BEZIER 325.739 279.435 322.629 280.061
 BEZIER 322.629 280.061 319.479 280.573
 BEZIER 319.479 280.573 316.291 280.969
 BEZIER 316.291 280.969 313.068 281.245
 BEZIER 313.068 281.245 309.812 281.401

      // bT/
 ISDASH 1

 LINESEGMENT 111.387 111.386 281.465 111.386

      // bT/
 ISDASH 1

 LINESEGMENT 83.04 281.465 83.04 111.386

      // bT/
 ISDASH 0

 LINESEGMENT 83.04 281.465 83.04 309.812

      // bT/
 ISDASH 1

 LINESEGMENT 83.04 281.465 111.387 281.465

      // bT/
 ISDASH 0

 LINESEGMENT 111.387 309.812 111.387 281.465

      // bT/
 ISDASH 0

 ISDASH 0
 BEZIER 83.04 281.402 72.4111 280.43
 ISDASH 0
 BEZIER 72.4111 280.43 69.0395 279.837
 BEZIER 69.0395 279.837 65.7149 279.114
 BEZIER 65.7149 279.114 62.4401 278.263
 BEZIER 62.4401 278.263 59.2178 277.286
 BEZIER 59.2178 277.286 56.0509 276.187
 BEZIER 56.0509 276.187 52.942 274.967
 BEZIER 52.942 274.967 49.8941 273.631
 BEZIER 49.8941 273.631 46.9098 272.18
 BEZIER 46.9098 272.18 43.9921 270.618
 BEZIER 43.9921 270.618 41.1435 268.947
 BEZIER 41.1435 268.947 38.367 267.17
 BEZIER 38.367 267.17 35.6653 265.29
 BEZIER 35.6653 265.29 33.0412 263.31
 BEZIER 33.0412 263.31 30.4974 261.232
 BEZIER 30.4974 261.232 28.0368 259.059
 BEZIER 28.0368 259.059 25.6622 256.793
 BEZIER 25.6622 256.793 23.3763 254.439
 BEZIER 23.3763 254.439 21.1818 251.998
 BEZIER 21.1818 251.998 19.0817 249.473
 BEZIER 19.0817 249.473 17.0786 246.867
 BEZIER 17.0786 246.867 15.1753 244.184
 BEZIER 15.1753 244.184 13.3747 241.424
 BEZIER 13.3747 241.424 11.6795 238.592
 BEZIER 11.6795 238.592 10.0925 235.69
 BEZIER 10.0925 235.69 8.61648 232.721
 BEZIER 8.61648 232.721 7.2542 229.688
 BEZIER 7.2542 229.688 6.00846 226.593
 BEZIER 6.00846 226.593 4.88204 223.439
 BEZIER 4.88204 223.439 3.87772 220.229
 BEZIER 3.87772 220.229 2.99828 216.966
 BEZIER 2.99828 216.966 2.24651 213.653
 BEZIER 2.24651 213.653 1.62518 210.291
 BEZIER 1.62518 210.291 1.13709 206.885
 BEZIER 1.13709 206.885 0.785005 203.437
 BEZIER 0.785005 203.437 0.571715 199.949
 BEZIER 0.571715 199.949 0.5 196.425
 ISDASH 0
 BEZIER 0.5 196.425 0.565154 193.066
 BEZIER 0.565154 193.066 0.759011 189.74
 BEZIER 0.759011 189.74 1.07916 186.449
 BEZIER 1.07916 186.449 1.5232 183.196
 BEZIER 1.5232 183.196 2.08872 179.984
 BEZIER 2.08872 179.984 2.77331 176.814
 BEZIER 2.77331 176.814 3.57457 173.689
 BEZIER 3.57457 173.689 4.49008 170.612
 BEZIER 4.49008 170.612 5.51744 167.585
 BEZIER 5.51744 167.585 6.65424 164.61
 BEZIER 6.65424 164.61 7.89807 161.69
 BEZIER 7.89807 161.69 9.24652 158.827
 BEZIER 9.24652 158.827 10.6972 156.023
 BEZIER 10.6972 156.023 12.2477 153.282
 BEZIER 12.2477 153.282 13.8956 150.604
 BEZIER 13.8956 150.604 15.6384 147.994
 BEZIER 15.6384 147.994 17.4739 145.453
 BEZIER 17.4739 145.453 19.3995 142.983
 BEZIER 19.3995 142.983 21.4129 140.587
 BEZIER 21.4129 140.587 23.5117 138.268
 BEZIER 23.5117 138.268 25.6934 136.027
 BEZIER 25.6934 136.027 27.9557 133.867
 BEZIER 27.9557 133.867 30.2961 131.791
 BEZIER 30.2961 131.791 32.7122 129.801
 BEZIER 32.7122 129.801 35.2017 127.9
 BEZIER 35.2017 127.9 37.7621 126.089
 BEZIER 37.7621 126.089 40.3909 124.371
 BEZIER 40.3909 124.371 43.0859 122.749
 BEZIER 43.0859 122.749 45.8446 121.224
 BEZIER 45.8446 121.224 48.6645 119.801
 BEZIER 48.6645 119.801 51.5434 118.48
 BEZIER 51.5434 118.48 54.4787 117.264
 BEZIER 54.4787 117.264 57.468 116.155
 BEZIER 57.468 116.155 60.509 115.157
 BEZIER 60.509 115.157 63.5993 114.271
 BEZIER 63.5993 114.271 66.7364 113.5
 BEZIER 66.7364 113.5 69.9179 112.846
 BEZIER 69.9179 112.846 73.1414 112.311
 BEZIER 73.1414 112.311 76.4045 111.899
 BEZIER 76.4045 111.899 79.7049 111.611
 BEZIER 79.7049 111.611 83.04 111.45

      // bT/
 ISDASH 1

 LINESEGMENT 111.387 281.465 111.387 111.386

      // bT/
 ISDASH 1

 LINESEGMENT 281.466 309.748 111.387 309.748

      // bT/
 ISDASH 0

 LINESEGMENT 281.466 309.748 281.466 281.401

      // bT/
 ISDASH 0

 ISDASH 0
 BEZIER 281.404 309.748 281.314 311.903
 BEZIER 281.314 311.903 281.171 314.045
 BEZIER 281.171 314.045 280.976 316.171
 BEZIER 280.976 316.171 280.729 318.282
 BEZIER 280.729 318.282 280.431 320.377
 ISDASH 0
 BEZIER 280.431 320.377 279.82 323.844
 BEZIER 279.82 323.844 279.07 327.262
 BEZIER 279.07 327.262 278.185 330.626
 BEZIER 278.185 330.626 277.168 333.935
 BEZIER 277.168 333.935 276.021 337.185
 BEZIER 276.021 337.185 274.748 340.373
 BEZIER 274.748 340.373 273.351 343.496
 BEZIER 273.351 343.496 271.834 346.551
 BEZIER 271.834 346.551 270.2 349.536
 BEZIER 270.2 349.536 268.452 352.446
 BEZIER 268.452 352.446 266.592 355.279
 BEZIER 266.592 355.279 264.624 358.032
 BEZIER 264.624 358.032 262.551 360.702
 BEZIER 262.551 360.702 260.375 363.286
 BEZIER 260.375 363.286 258.1 365.78
 BEZIER 258.1 365.78 255.729 368.183
 BEZIER 255.729 368.183 253.265 370.49
 BEZIER 253.265 370.49 250.711 372.699
 BEZIER 250.711 372.699 248.07 374.807
 BEZIER 248.07 374.807 245.345 376.81
 BEZIER 245.345 376.81 242.538 378.706
 BEZIER 242.538 378.706 239.654 380.492
 BEZIER 239.654 380.492 236.694 382.165
 BEZIER 236.694 382.165 233.663 383.721
 BEZIER 233.663 383.721 230.562 385.157
 BEZIER 230.562 385.157 227.395 386.471
 BEZIER 227.395 386.471 224.166 387.66
 BEZIER 224.166 387.66 220.877 388.72
 BEZIER 220.877 388.72 217.53 389.649
 BEZIER 217.53 389.649 214.13 390.443
 BEZIER 214.13 390.443 210.679 391.1
 BEZIER 210.679 391.1 207.18 391.615
 BEZIER 207.18 391.615 203.636 391.988
 BEZIER 203.636 391.988 200.051 392.213
 BEZIER 200.051 392.213 196.426 392.289
 ISDASH 0
 BEZIER 196.426 392.289 193.146 392.227
 BEZIER 193.146 392.227 189.898 392.042
 BEZIER 189.898 392.042 186.684 391.737
 BEZIER 186.684 391.737 183.505 391.313
 BEZIER 183.505 391.313 180.365 390.774
 BEZIER 180.365 390.774 177.265 390.121
 BEZIER 177.265 390.121 174.208 389.356
 BEZIER 174.208 389.356 171.195 388.482
 BEZIER 171.195 388.482 168.23 387.501
 BEZIER 168.23 387.501 165.314 386.415
 BEZIER 165.314 386.415 162.45 385.227
 BEZIER 162.45 385.227 159.64 383.938
 BEZIER 159.64 383.938 156.885 382.551
 BEZIER 156.885 382.551 154.189 381.069
 BEZIER 154.189 381.069 151.554 379.493
 BEZIER 151.554 379.493 148.981 377.825
 BEZIER 148.981 377.825 146.474 376.069
 BEZIER 146.474 376.069 144.033 374.225
 BEZIER 144.033 374.225 141.663 372.297
 BEZIER 141.663 372.297 139.363 370.287
 BEZIER 139.363 370.287 137.138 368.196
 BEZIER 137.138 368.196 134.989 366.028
 BEZIER 134.989 366.028 132.919 363.783
 BEZIER 132.919 363.783 130.929 361.466
 BEZIER 130.929 361.466 129.022 359.077
 BEZIER 129.022 359.077 127.2 356.619
 BEZIER 127.2 356.619 125.465 354.095
 BEZIER 125.465 354.095 123.82 351.506
 BEZIER 123.82 351.506 122.267 348.855
 BEZIER 122.267 348.855 120.808 346.144
 BEZIER 120.808 346.144 119.446 343.375
 BEZIER 119.446 343.375 118.181 340.551
 BEZIER 118.181 340.551 117.018 337.673
 BEZIER 117.018 337.673 115.958 334.745
 BEZIER 115.958 334.745 115.002 331.767
 BEZIER 115.002 331.767 114.155 328.743
 BEZIER 114.155 328.743 113.417 325.675
 BEZIER 113.417 325.675 112.791 322.565
 BEZIER 112.791 322.565 112.279 319.415
 BEZIER 112.279 319.415 111.883 316.227
 BEZIER 111.883 316.227 111.607 313.004
 BEZIER 111.607 313.004 111.451 309.748

      // bT/
 ISDASH 1

 LINESEGMENT 281.466 281.401 111.387 281.401

      // bT/
 ISDASH 1

 LINESEGMENT 281.466 281.465 281.466 111.386

      // bT/
 ISDASH 0

 LINESEGMENT 83.0405 309.748 111.386 309.748
    }